"","group","median_BaromP","mean_BaromP","min_BaromP","max_BaromP","first_Qu_BaromP","third_Qu_BaromP","count","first_time","median_time","median_time_UTC","IBI_sec"
"1",1,1014.73645,1014.66274777833,1013.743896,1015.547119,1014.406006,1014.944702,600,1581050362.40062,1581050392.45057,2020-02-07 09:39:52,0
"2",2,1016.26062,1016.18888305167,1015.23877,1016.80249,1016.09204125,1016.3697505,600,1581053965.33248,1581053995.38239,2020-02-07 10:39:55,3602.93185591698
"3",3,1017.95813,1017.95092936333,1017.561768,1018.226807,1017.885986,1018.02301025,600,1581057569.68127,1581057599.83057,2020-02-07 11:39:59,3604.34878611565
"4",4,1017.2733155,1017.351977945,1016.415527,1018.961182,1017.073975,1017.45013425,600,1581061172.92416,1581061202.96975,2020-02-07 12:40:02,3603.24289798737
"5",5,1019.05957,1019.05783488,1018.609375,1019.503174,1018.943787,1019.173523,600,1581064775.6141,1581064805.56032,2020-02-07 13:40:05,3602.68993401527
"6",6,1018.376831,1018.37281638088,1017.834473,1018.926025,1018.24053975,1018.49646,680,1581068379.57407,1581068405.61935,2020-02-07 14:40:05,3603.95997285843
"7",7,1020.258545,1020.23799073333,1019.815674,1020.708496,1020.0896,1020.38476525,600,1581071982.59231,1581072012.64225,2020-02-07 15:40:12,3603.01823616028
"8",8,1020.4708255,1020.46768757667,1020.146729,1020.835938,1020.334595,1020.590088,600,1581075586.24993,1581075616.81824,2020-02-07 16:40:16,3603.65762090683
"9",9,1020.7263185,1020.70853924667,1020.266602,1021.183594,1020.546631,1020.85022,600,1581079189.17313,1581079219.21872,2020-02-07 17:40:19,3602.92320609093
"10",10,1021.075806,1021.08030274833,1020.67334,1021.444092,1020.961853,1021.211609,600,1581082792.96031,1581082823.01025,2020-02-07 18:40:23,3603.78717184067
"11",11,1021.753418,1021.74076702167,1021.122559,1022.213379,1021.60400375,1021.862671,600,1581086396.84255,1581086426.40865,2020-02-07 19:40:26,3603.88224196434
"12",12,1022.723511,1022.69956988833,1022.208496,1022.995117,1022.62078875,1022.802063,600,1581089999.57569,1581090029.62993,2020-02-07 20:40:29,3602.73314404488
"13",13,1023.13147,1023.14405599333,1022.824463,1023.52832,1023.04589875,1023.23138425,600,1581093603.25057,1581093633.20113,2020-02-07 21:40:33,3603.67488217354
"14",14,1022.154297,1022.15951415333,1021.780029,1022.654053,1022.064941,1022.25793425,600,1581097206.75265,1581097236.59952,2020-02-07 22:40:36,3603.50207877159
"15",15,1023.723511,1023.736433935,1023.40625,1024.066406,1023.634277,1023.853516,600,1581100810.81631,1581100840.90082,2020-02-07 23:40:40,3604.06365418434
"16",16,1022.225586,1022.20955484667,1021.633301,1022.822021,1022.04852275,1022.364258,600,1581104413.92096,1581104443.97087,2020-02-08 00:40:43,3603.10465693474
"17",17,1022.662842,1022.65449180167,1021.878662,1023.156494,1022.51898175,1022.806702,600,1581108017.84642,1581108047.90065,2020-02-08 01:40:47,3603.92545294762
"18",18,1023.710205,1023.672366875,1022.858887,1024.248535,1023.52239975,1023.868652,680,1581111620.91647,1581111655.39009,2020-02-08 02:40:55,3603.0700571537
"19",19,1025.231323,1025.22528360333,1024.820801,1025.750244,1025.077087,1025.34960925,600,1581115224.49632,1581115254.78815,2020-02-08 03:40:54,3603.57984995842
"20",20,1025.845093,1025.833490775,1025.472168,1026.213623,1025.722595,1025.936096,600,1581118827.34176,1581118857.39167,2020-02-08 04:40:57,3602.8454349041
"21",21,1026.8117675,1026.81905881833,1026.352783,1027.329834,1026.67657475,1026.96923825,600,1581122431.0339,1581122460.98017,2020-02-08 05:41:00,3603.69214105606
"22",22,1026.920654,1026.90236328,1026.537842,1027.258789,1026.79632575,1027.01782225,600,1581126034.33727,1581126064.39152,2020-02-08 06:41:04,3603.30336904526
"23",23,1027.449829,1027.452460545,1027.070557,1027.768799,1027.359985,1027.55908225,600,1581129637.83074,1581129667.88065,2020-02-08 07:41:07,3603.49346995354
"24",24,1028.323242,1028.32985025667,1028.008057,1028.684814,1028.236267,1028.42291225,600,1581133241.22049,1581133271.2704,2020-02-08 08:41:11,3603.38974905014
"25",25,1028.627808,1028.63883790333,1028.195068,1028.94873,1028.53643775,1028.7509155,600,1581136844.97314,1581136875.01872,2020-02-08 09:41:15,3603.75265097618
"26",26,1028.8535155,1028.89985230167,1028.319092,1029.333984,1028.70379675,1029.118896,600,1581140448.52704,1581140479.19903,2020-02-08 10:41:19,3603.55390095711
"27",27,1029.436523,1029.44167263382,1029.12207,1029.729736,1029.354736,1029.534241,680,1581144051.6317,1581144081.57792,2020-02-08 11:41:21,3603.10465693474
"28",28,1028.699463,1028.70382284167,1028.399658,1029.918457,1028.625671,1028.77679425,600,1581147655.28928,1581147684.85104,2020-02-08 12:41:24,3603.65758013725
"29",29,1028.319946,1028.29472548235,1027.855225,1029.260498,1028.19598375,1028.421814,680,1581151259.28385,1581151292.62992,2020-02-08 13:41:32,3603.99457383156
"30",30,1028.154663,1028.15657188,1027.827637,1028.38623,1028.09637475,1028.23761,600,1581154862.64769,1581154892.70192,2020-02-08 14:41:32,3603.36383914948
"31",31,1027.9416505,1027.94402589167,1027.604492,1028.257568,1027.850342,1028.015625,600,1581158466.13247,1581158496.18242,2020-02-08 15:41:36,3603.48477888107
"32",32,1028.0306395,1028.013250345,1027.685303,1028.277344,1027.90533475,1028.12207,600,1581162069.72097,1581162099.67152,2020-02-08 16:41:39,3603.58850097656
"33",33,1027.983276,1027.981055485,1027.719482,1028.244141,1027.916687,1028.049072,600,1581165673.01569,1581165702.97057,2020-02-08 17:41:42,3603.29471802711
"34",34,1026.344238,1026.43103880333,1025.712402,1027.424316,1026.094727,1026.76831025,600,1581169276.39679,1581169306.45104,2020-02-08 18:41:46,3603.38109898567
"35",35,1028.479248,1028.47402587833,1028.181641,1028.687988,1028.425598,1028.53485125,600,1581172879.38911,1581172909.43902,2020-02-08 19:41:49,3602.99232602119
"36",36,1027.7947995,1027.86641438667,1026.699707,1029.230225,1027.55999775,1028.02655025,600,1581176482.68383,1581176512.72945,2020-02-08 20:41:52,3603.29471802711
"37",37,1029.04895,1029.053730065,1028.8125,1029.287109,1028.986755,1029.11840825,600,1581180086.9808,1581180117.0307,2020-02-08 21:41:57,3604.2969660759
"38",38,1027.668457,1027.64211629167,1026.894531,1028.246582,1027.418091,1027.86468525,600,1581183689.76576,1581183719.81999,2020-02-08 22:41:59,3602.7849650383
"39",39,1027.7995605,1027.76423625167,1027.061768,1028.398438,1027.57330275,1027.9396365,600,1581187293.54432,1581187323.68926,2020-02-08 23:42:03,3603.77856183052
"40",40,1026.780029,1026.78447632333,1026.191162,1027.345459,1026.609802,1026.954468,600,1581190896.83904,1581190926.99263,2020-02-09 00:42:06,3603.29471802711
"41",41,1027.4499515,1027.45750285,1026.860596,1028.159912,1027.291687,1027.605957,600,1581194500.03008,1581194530.17936,2020-02-09 01:42:10,3603.19103693962
"42",42,1028.357178,1028.341082355,1028.017822,1028.643799,1028.27948,1028.40509,600,1581198102.85825,1581198132.80881,2020-02-09 02:42:12,3602.8281750679
"43",43,1027.829224,1027.83535443529,1027.526855,1028.128906,1027.72045875,1027.947754,680,1581201706.54174,1581201732.59135,2020-02-09 03:42:12,3603.68349099159
"44",44,1026.5726315,1026.59740561,1026.007812,1027.141113,1026.440186,1026.758423,600,1581205309.82785,1581205339.78273,2020-02-09 04:42:19,3603.28610897064
"45",45,1028.034912,1028.029402275,1027.670166,1028.403076,1027.92968775,1028.12164325,600,1581208913.51999,1581208943.47055,2020-02-09 05:42:23,3603.69214105606
"46",46,1028.661743,1028.69871256833,1028.168457,1029.502686,1028.5679935,1028.77948025,600,1581212517.60095,1581212547.6509,2020-02-09 06:42:27,3604.08095407486
"47",47,1028.658081,1028.651544175,1028.25708,1028.921631,1028.582031,1028.730591,600,1581216120.22176,1581216150.27167,2020-02-09 07:42:30,3602.62081289291
"48",48,1028.339233,1028.36431031333,1027.778809,1030.39502,1028.257751,1028.419922,600,1581219723.98302,1581219754.02865,2020-02-09 08:42:34,3603.76126194
"49",49,1028.487427,1028.51277549667,1027.706055,1029.397461,1028.288452,1028.73175025,600,1581223327.03582,1581223357.91089,2020-02-09 09:42:37,3603.05279612541
"50",50,1029.279663,1029.23356405167,1028.431885,1030.164062,1029.01947025,1029.429932,600,1581226930.75391,1581226960.79953,2020-02-09 10:42:40,3603.71809196472
"51",51,1030.815796,1030.82541259,1030.431641,1031.151367,1030.742859,1030.916443,600,1581230534.48926,1581230564.58238,2020-02-09 11:42:44,3603.73535203934
"52",52,1030.336304,1030.331685805,1030.047852,1030.581787,1030.25427275,1030.411255,600,1581234137.80993,1581234167.85984,2020-02-09 12:42:47,3603.3206679821
"53",53,1029.588501,1029.55621983971,1028.722412,1030.161133,1029.425781,1029.7290645,680,1581237740.79361,1581237766.83889,2020-02-09 13:42:46,3602.98367595673
"54",54,1030.1832275,1030.176382665,1029.812012,1030.891113,1030.08123775,1030.257629,600,1581241345.04736,1581241375.40831,2020-02-09 14:42:55,3604.2537560463
"55",58,1026.530273,1026.527981365,1026.187256,1026.953857,1026.41784675,1026.637146,600,1581545290.29406,1581545320.33968,2020-02-13 03:08:40,303945.246697903
"56",59,1024.6451415,1024.59684229706,1023.947998,1025.080566,1024.46472175,1024.753418,680,1581548895.12673,1581548927.73408,2020-02-13 04:08:47,3604.83267021179
"57",60,1024.774292,1024.76525187167,1024.355469,1025.301514,1024.67614775,1024.868469,600,1581552497.42785,1581552527.48208,2020-02-13 05:08:47,3602.30111980438
"58",61,1025.2911375,1025.2666168125,1025.01416,1025.425049,1025.193115,1025.341858,80,1581554585.23202,1581554587.18031,2020-02-13 05:43:07,2087.80416607857
