"","group","median_BaromP","mean_BaromP","min_BaromP","max_BaromP","first_Qu_BaromP","third_Qu_BaromP","count","first_time","median_time","median_time_UTC","IBI_sec"
"1",1,1003.808594,1003.81120074425,1003.383301,1004.49292,1003.7301025,1003.889893,3000,1579752362.63807,1579752512.49024,2020-01-23 09:08:32,0
"2",2,1004.719727,1004.713174317,1004.050049,1005.184082,1004.616699,1004.815979,3000,1579755966.21792,1579756117.37039,2020-01-23 10:08:37,3603.57985091209
"3",3,1005.743408,1005.74941821833,1005.370605,1006.30542,1005.646423,1005.833801,3000,1579759571.18879,1579759721.84015,2020-01-23 11:08:41,3604.97087097168
"4",4,1006.27417,1006.26137232033,1005.663818,1006.673828,1006.164062,1006.381165,3000,1579763175.6499,1579763327.12207,2020-01-23 12:08:47,3604.46111702919
"5",5,1006.685181,1006.684238357,1006.325195,1006.991699,1006.616455,1006.753174,3000,1579766780.32703,1579766931.38015,2020-01-23 13:08:51,3604.67712903023
"6",6,1006.952393,1006.950547119,1006.580322,1007.494629,1006.875,1007.02417,3000,1579770385.90273,1579770537.05087,2020-01-23 14:08:57,3605.57569503784
"7",7,1006.94043,1006.93920524767,1006.572021,1007.267334,1006.873779,1007.00708,3000,1579773991.06366,1579774141.32193,2020-01-23 15:09:01,3605.16093182564
"8",8,1007.023438,1007.02281201136,1006.445312,1007.878174,1006.947021,1007.097412,3080,1579777594.42754,1579777742.27952,2020-01-23 16:09:02,3603.3638792038
"9",9,1007.0098875,1006.59383902867,1004.999512,1007.676514,1005.948547,1007.24054,3000,1579781200.40066,1579781350.46017,2020-01-23 17:09:10,3605.97311878204
"10",10,1005.217407,1005.20079751867,1004.150146,1005.971924,1005.031982,1005.390686,3000,1579784803.5917,1579784955.34032,2020-01-23 18:09:15,3603.19103717804
"11",11,1005.838989,1005.80892081667,1004.796387,1006.476074,1005.652832,1005.993713,3000,1579788407.74177,1579788558.38881,2020-01-23 19:09:18,3604.1500749588
"12",12,1008.515015,1008.509989739,1008.13623,1008.852295,1008.443359,1008.581543,3000,1579792013.12736,1579792163.1005,2020-01-23 20:09:23,3605.38559389114
"13",13,1008.792847,1008.79147583267,1008.383789,1009.295166,1008.714355,1008.868408,3000,1579795617.70081,1579795768.68048,2020-01-23 21:09:28,3604.57344818115
"14",14,1008.9000245,1008.92469937367,1008.545654,1009.359619,1008.814209,1009.030029,3000,1579799222.80127,1579799374.06175,2020-01-23 22:09:34,3605.10046195984
"15",15,1009.605713,1009.60920054026,1009.19458,1010.174316,1009.538513,1009.672363,3080,1579802827.17601,1579802981.13215,2020-01-23 23:09:41,3604.37473702431
"16",16,1009.272461,1009.26848510633,1008.937744,1009.545654,1009.211304,1009.32666,3000,1579806431.74946,1579806582.90193,2020-01-24 00:09:42,3604.57344794273
"17",17,1009.802979,1009.808312339,1009.381104,1010.16748,1009.741699,1009.872559,3000,1579810036.92769,1579810188.29185,2020-01-24 01:09:48,3605.17823195457
"18",18,1010.251709,1010.239772389,1009.759033,1010.587891,1010.15741,1010.33062725,3000,1579813642.39967,1579813793.26272,2020-01-24 02:09:53,3605.47197508812
"19",19,1009.732056,1009.732942063,1009.429199,1010.117188,1009.658936,1009.805664,3000,1579817246.34242,1579817396.31119,2020-01-24 03:09:56,3603.94275283813
"20",20,1009.175781,1009.18122512304,1008.485352,1010.054443,1008.99646,1009.343628,3000,1579820849.53346,1579821000.1805,2020-01-24 04:10:00,3603.19103813171
"21",21,1011.952637,1011.819488943,1011.030762,1012.321533,1011.52069075,1012.042725,3000,1579824453.01824,1579824603.57025,2020-01-24 05:10:03,3603.48477888107
"22",22,1012.365479,1012.36316602267,1012.032227,1012.653809,1012.299744,1012.437012,3000,1579828057.51391,1579828208.54977,2020-01-24 06:10:08,3604.49567818642
"23",23,1012.911743,1012.91509318,1012.664795,1013.19873,1012.851562,1012.97998,3000,1579831662.49343,1579831813.81871,2020-01-24 07:10:13,3604.97952079773
"24",24,1013.717041,1013.71872517,1013.453857,1013.976807,1013.659668,1013.7771,3000,1579835267.42974,1579835417.89105,2020-01-24 08:10:17,3604.93631005287
"25",25,1014.021973,1014.02032112467,1013.740479,1014.309814,1013.958008,1014.083557,3000,1579838872.1933,1579839023.35009,2020-01-24 09:10:23,3604.76355004311
"26",26,1014.26001,1014.270180832,1013.890381,1014.695557,1014.193604,1014.344238,3000,1579842477.96766,1579842629.12017,2020-01-24 10:10:29,3605.77436709404
"27",27,1014.445923,1014.47396672033,1013.826904,1016.072754,1014.318359,1014.60504125,3000,1579846082.55841,1579846233.48193,2020-01-24 11:10:33,3604.59074783325
"28",28,1014.538086,1014.54029150367,1014.093262,1015.503174,1014.467468,1014.614258,3000,1579849687.90079,1579849848.5659,2020-01-24 12:10:48,3605.34238409996
"29",29,1014.417725,1014.422532067,1013.911133,1014.853027,1014.338867,1014.499573,3000,1579853293.26913,1579853444.5296,2020-01-24 13:10:44,3605.36833405495
"30",30,1014.574829,1014.569719492,1014.137695,1014.951904,1014.48394775,1014.660889,3000,1579856898.43871,1579857048.68833,2020-01-24 14:10:48,3605.16958189011
"31",31,1013.753418,1013.743899338,1013.300781,1014.057129,1013.654785,1013.841309,3000,1579860503.60833,1579860653.96159,2020-01-24 15:10:53,3605.16962313652
"32",32,1011.39502,1011.405302807,1010.417969,1012.672363,1011.156128,1011.640259,3000,1579864108.68288,1579864258.94111,2020-01-24 16:10:58,3605.07455086708
"33",33,1011.869629,1011.86665307433,1011.408691,1012.288818,1011.765869,1011.962402,3000,1579867713.86112,1579867864.4088,2020-01-24 17:11:04,3605.17823290825
"34",34,1009.022461,1009.03371183267,1007.796875,1010.334961,1008.785156,1009.26306125,3000,1579871318.64193,1579871469.28897,2020-01-24 18:11:09,3604.78080916405
"35",35,1010.730591,1010.73151106833,1010.270996,1011.193848,1010.658203,1010.800537,3000,1579874924.19167,1579875074.48017,2020-01-24 19:11:14,3605.54974603653
"36",36,1010.654663,1010.64878669833,1010.123779,1011.157227,1010.581299,1010.728821,3000,1579878529.3699,1579878679.33871,2020-01-24 20:11:19,3605.17823195457
"37",37,1010.876709,1010.87315194033,1010.506348,1011.14209,1010.800964,1010.949707,3000,1579882134.85922,1579882285.00944,2020-01-24 21:11:25,3605.48931503296
"38",38,1010.5147705,1010.51775268967,1009.876465,1011.685791,1010.437256,1010.600891,3000,1579885740.0115,1579885889.87231,2020-01-24 22:11:29,3605.15228199959
"39",39,1010.441895,1010.44051610833,1009.974121,1010.782959,1010.350098,1010.533264,3000,1579889344.88734,1579889495.53871,2020-01-24 23:11:35,3604.87584090233
"40",40,1010.469238,1010.474719162,1010.122559,1010.871338,1010.385254,1010.561096,3000,1579892949.85825,1579893099.90912,2020-01-25 00:11:39,3604.970911026
"41",41,1010.671143,1010.67033303214,1010.273438,1011.005615,1010.603516,1010.738342,3080,1579896554.33663,1579896701.0784,2020-01-25 01:11:41,3604.47837710381
"42",42,1010.325439,1010.326862216,1009.891113,1010.656982,1010.257263,1010.399902,3000,1579900159.88642,1579900310.14032,2020-01-25 02:11:50,3605.54978489876
"43",43,1009.55896,1009.54446761567,1008.407227,1010.77417,1009.449463,1009.656799,3000,1579903765.45342,1579903915.60801,2020-01-25 03:11:55,3605.56700611115
"44",44,1007.228149,1007.58691723767,1005.864258,1009.070557,1006.855713,1008.579712,3000,1579907370.32926,1579907520.28944,2020-01-25 04:12:00,3604.87583994865
"45",45,1005.746704,1005.756016522,1004.604492,1006.946289,1005.517944,1005.98699925,3000,1579910975.19649,1579911125.67073,2020-01-25 05:12:05,3604.86722993851
"46",46,1008.1757815,1008.50198592067,1006.731445,1010.214355,1007.62780775,1009.50964325,3000,1579914580.4784,1579914731.34146,2020-01-25 06:12:11,3605.28191304207
"47",47,1010.078369,1010.07809261467,1009.431152,1012.277344,1009.988525,1010.166748,3000,1579918185.45793,1579918335.62112,2020-01-25 07:12:15,3604.97952103615
"48",48,1010.044189,1009.78904630433,1007.347656,1010.644043,1009.878113,1010.179199,3000,1579921790.54113,1579921940.78209,2020-01-25 08:12:20,3605.08320188522
"49",49,1010.84668,1010.84416593633,1010.351074,1011.295654,1010.703308,1010.984436,3000,1579925395.59842,1579925545.96898,2020-01-25 09:12:25,3605.05729198456
"50",50,1012.274902,1012.27401668333,1011.914307,1012.656738,1012.191162,1012.36261,3000,1579929000.768,1579929151.22066,2020-01-25 10:12:31,3605.16958212852
"51",51,1012.905884,1012.906641691,1012.578369,1013.320557,1012.817078,1013.00177,3000,1579932605.93758,1579932756.39024,2020-01-25 11:12:36,3605.16958284378
"52",52,1013.701904,1013.69810711136,1013.310547,1013.986572,1013.62585475,1013.774475,3080,1579936211.10721,1579936357.26145,2020-01-25 12:12:37,3605.16962218285
"53",53,1013.956055,1013.95907681933,1013.530762,1014.316895,1013.876953,1014.046204,3000,1579939816.29409,1579939966.75103,2020-01-25 13:12:46,3605.18688297272
"54",54,1014.625366,1014.62562094019,1014.263428,1015.050049,1014.524902,1014.720947,3160,1579943421.14402,1579943563.69967,2020-01-25 14:12:43,3604.84992980957
"55",55,1014.475342,1014.48423388567,1014.104248,1014.883545,1014.399414,1014.569885,3000,1579947026.61599,1579947176.57183,2020-01-25 15:12:56,3605.47197508812
"56",56,1014.748413,1014.73651134196,1014.20874,1015.913086,1014.640137,1014.833496,2240,1579950631.10302,1579950743.72977,2020-01-25 16:12:23,3604.48702692986
